Homework #1 Problem E

Test #1: Expected: 32
4 4
4 4 3 -2 9
4 2 3 -3 1
2 8 3
2 -4 8
1 2 3 4

Test #1 Sums:
13 3 11 4

Test #2: Expected: 19
6 6
2 4 -8
2 6 7
3 -4 -6 2
3 2 0 -2
2 -9 7
4 1 2 3 -4
3 2 1 6 5 4

Test #2 Sums:
-4 13 -8 0 -2 2

Test #7: Expected 19

9 4
4 8 -2 -10 6
10 -4 9 6 -2 -8 6 7 2 -6 2
8 -10 1 9 9 -10 2 -10 -9
7 3 -10 -10 -6 3 -7 0
5 -4 -8 2 -5 2
1 -3
4 -9 0 7 -4
7 4 -5 4 -8 -4 0 -1
9 2 5 -10 4 -10 -2 6 5 10
3 6 4 6

Test #7 Sums:
-10 12 -20 -27 -13 -3 -6 -10 









